500
265714758284843011
6476356347841896
918065131742690334
594200950903412396
10974116958420789
935325273050693326
400062241898390709
506221669236537210
953883181221418321
254892770591914724
717995546146120903
723558845064287416
822140371684157773
302525866384599687
70453204366469809
686833457588371424
163271004971660485
527746426523554750
934373809278004543
620929501640311564
16153041530266591
363947944323436394
134916045297221847
645835505022963249
480053251721016678
265714758284843011
6476356347841896
918065131742690334
594200950903412396
10974116958420789
935325273050693326
400062241898390709
506221669236537210
953883181221418321
254892770591914724
717995546146120903
723558845064287416
822140371684157773
302525866384599687
70453204366469809
686833457588371424
163271004971660485
527746426523554750
934373809278004543
620929501640311564
16153041530266591
363947944323436394
134916045297221847
645835505022963249
480053251721016678
265714758284843011
6476356347841896
918065131742690334
594200950903412396
10974116958420789
935325273050693326
400062241898390709
506221669236537210
953883181221418321
254892770591914724
717995546146120903
723558845064287416
822140371684157773
302525866384599687
70453204366469809
686833457588371424
163271004971660485
527746426523554750
934373809278004543
620929501640311564
16153041530266591
363947944323436394
134916045297221847
645835505022963249
480053251721016678
265714758284843011
6476356347841896
918065131742690334
594200950903412396
10974116958420789
935325273050693326
400062241898390709
506221669236537210
953883181221418321
254892770591914724
717995546146120903
723558845064287416
822140371684157773
302525866384599687
70453204366469809
686833457588371424
163271004971660485
527746426523554750
934373809278004543
620929501640311564
16153041530266591
363947944323436394
134916045297221847
645835505022963249
480053251721016678
265714758284843011
6476356347841896
918065131742690334
594200950903412396
10974116958420789
935325273050693326
400062241898390709
506221669236537210
953883181221418321
254892770591914724
717995546146120903
723558845064287416
822140371684157773
302525866384599687
70453204366469809
686833457588371424
163271004971660485
527746426523554750
934373809278004543
620929501640311564
16153041530266591
363947944323436394
134916045297221847
645835505022963249
480053251721016678
265714758284843011
6476356347841896
918065131742690334
594200950903412396
10974116958420789
935325273050693326
400062241898390709
506221669236537210
953883181221418321
254892770591914724
717995546146120903
723558845064287416
822140371684157773
302525866384599687
70453204366469809
686833457588371424
163271004971660485
527746426523554750
934373809278004543
620929501640311564
16153041530266591
363947944323436394
134916045297221847
645835505022963249
480053251721016678
265714758284843011
6476356347841896
918065131742690334
594200950903412396
10974116958420789
935325273050693326
400062241898390709
506221669236537210
953883181221418321
254892770591914724
717995546146120903
723558845064287416
822140371684157773
302525866384599687
70453204366469809
686833457588371424
163271004971660485
527746426523554750
934373809278004543
620929501640311564
16153041530266591
363947944323436394
134916045297221847
645835505022963249
480053251721016678
265714758284843011
6476356347841896
918065131742690334
594200950903412396
10974116958420789
935325273050693326
400062241898390709
506221669236537210
953883181221418321
254892770591914724
717995546146120903
723558845064287416
822140371684157773
302525866384599687
70453204366469809
686833457588371424
163271004971660485
527746426523554750
934373809278004543
620929501640311564
16153041530266591
363947944323436394
134916045297221847
645835505022963249
480053251721016678
265714758284843011
6476356347841896
918065131742690334
594200950903412396
10974116958420789
935325273050693326
400062241898390709
506221669236537210
953883181221418321
254892770591914724
717995546146120903
723558845064287416
822140371684157773
302525866384599687
70453204366469809
686833457588371424
163271004971660485
527746426523554750
934373809278004543
620929501640311564
16153041530266591
363947944323436394
134916045297221847
645835505022963249
480053251721016678
265714758284843011
6476356347841896
918065131742690334
594200950903412396
10974116958420789
935325273050693326
400062241898390709
506221669236537210
953883181221418321
254892770591914724
717995546146120903
723558845064287416
822140371684157773
302525866384599687
70453204366469809
686833457588371424
163271004971660485
527746426523554750
934373809278004543
620929501640311564
16153041530266591
363947944323436394
134916045297221847
645835505022963249
480053251721016678
265714758284843011
6476356347841896
918065131742690334
594200950903412396
10974116958420789
935325273050693326
400062241898390709
506221669236537210
953883181221418321
254892770591914724
717995546146120903
723558845064287416
822140371684157773
302525866384599687
70453204366469809
686833457588371424
163271004971660485
527746426523554750
934373809278004543
620929501640311564
16153041530266591
363947944323436394
134916045297221847
645835505022963249
480053251721016678
265714758284843011
6476356347841896
918065131742690334
594200950903412396
10974116958420789
935325273050693326
400062241898390709
506221669236537210
953883181221418321
254892770591914724
717995546146120903
723558845064287416
822140371684157773
302525866384599687
70453204366469809
686833457588371424
163271004971660485
527746426523554750
934373809278004543
620929501640311564
16153041530266591
363947944323436394
134916045297221847
645835505022963249
480053251721016678
265714758284843011
6476356347841896
918065131742690334
594200950903412396
10974116958420789
935325273050693326
400062241898390709
506221669236537210
953883181221418321
254892770591914724
717995546146120903
723558845064287416
822140371684157773
302525866384599687
70453204366469809
686833457588371424
163271004971660485
527746426523554750
934373809278004543
620929501640311564
16153041530266591
363947944323436394
134916045297221847
645835505022963249
480053251721016678
265714758284843011
6476356347841896
918065131742690334
594200950903412396
10974116958420789
935325273050693326
400062241898390709
506221669236537210
953883181221418321
254892770591914724
717995546146120903
723558845064287416
822140371684157773
302525866384599687
70453204366469809
686833457588371424
163271004971660485
527746426523554750
934373809278004543
620929501640311564
16153041530266591
363947944323436394
134916045297221847
645835505022963249
480053251721016678
265714758284843011
6476356347841896
918065131742690334
594200950903412396
10974116958420789
935325273050693326
400062241898390709
506221669236537210
953883181221418321
254892770591914724
717995546146120903
723558845064287416
822140371684157773
302525866384599687
70453204366469809
686833457588371424
163271004971660485
527746426523554750
934373809278004543
620929501640311564
16153041530266591
363947944323436394
134916045297221847
645835505022963249
480053251721016678
265714758284843011
6476356347841896
918065131742690334
594200950903412396
10974116958420789
935325273050693326
400062241898390709
506221669236537210
953883181221418321
254892770591914724
717995546146120903
723558845064287416
822140371684157773
302525866384599687
70453204366469809
686833457588371424
163271004971660485
527746426523554750
934373809278004543
620929501640311564
16153041530266591
363947944323436394
134916045297221847
645835505022963249
480053251721016678265714758284843011
6476356347841896
918065131742690334
594200950903412396
10974116958420789
935325273050693326
400062241898390709
506221669236537210
953883181221418321
254892770591914724
717995546146120903
723558845064287416
822140371684157773
302525866384599687
70453204366469809
686833457588371424
163271004971660485
527746426523554750
934373809278004543
620929501640311564
16153041530266591
363947944323436394
134916045297221847
645835505022963249
480053251721016678
265714758284843011
6476356347841896
918065131742690334
594200950903412396
10974116958420789
935325273050693326
400062241898390709
506221669236537210
953883181221418321
254892770591914724
717995546146120903
723558845064287416
822140371684157773
302525866384599687
70453204366469809
686833457588371424
163271004971660485
527746426523554750
934373809278004543
620929501640311564
16153041530266591
363947944323436394
134916045297221847
645835505022963249
480053251721016678
265714758284843011
6476356347841896
918065131742690334
594200950903412396
10974116958420789
935325273050693326
400062241898390709
506221669236537210
953883181221418321
254892770591914724
717995546146120903
723558845064287416
822140371684157773
302525866384599687
70453204366469809
686833457588371424
163271004971660485
527746426523554750
934373809278004543
620929501640311564
16153041530266591
363947944323436394
134916045297221847
645835505022963249
480053251721016678
265714758284843011
6476356347841896
918065131742690334
594200950903412396
10974116958420789
935325273050693326
400062241898390709
506221669236537210
953883181221418321
254892770591914724
717995546146120903
723558845064287416
822140371684157773
302525866384599687
70453204366469809
686833457588371424
163271004971660485
527746426523554750
934373809278004543
620929501640311564
16153041530266591
363947944323436394
134916045297221847
645835505022963249
480053251721016678
265714758284843011
6476356347841896

